feature_0: 0.00000000
feature_1: 0.00000000
feature_2: 0.00000000
feature_3: 0.00000000
feature_4: 0.02913446
feature_5: 0.00000000
feature_6: 0.00000000
feature_7: 0.00000000
feature_8: 0.00000000
feature_9: 0.14350620
feature_10: 0.00000000
feature_11: 0.00000000
feature_12: 0.00000000
feature_13: 0.00000000
feature_14: 0.00000000
feature_15: 0.04093349
feature_16: 0.17290768
feature_17: 0.01876009
feature_18: 0.02660887
feature_19: 0.04536935
feature_20: 0.52277982
