feature_0: 0.00000000
feature_1: 0.00000000
feature_2: 0.00000000
feature_3: 0.00000000
feature_4: 0.03565348
feature_5: 0.00000000
feature_6: 0.00000000
feature_7: 0.00000000
feature_8: 0.00000000
feature_9: 0.46822035
feature_10: 0.00000000
feature_11: 0.00000000
feature_12: 0.00000000
feature_13: 0.00000000
feature_14: 0.00000000
feature_15: 0.04710137
feature_16: 0.19838938
feature_17: 0.04629242
feature_18: 0.02684815
feature_19: 0.03704914
feature_20: 0.14044566
