feature_0: 0.00000000
feature_1: 0.00000000
feature_2: 0.00000000
feature_3: 0.00000000
feature_4: 0.01651264
feature_5: 0.00000000
feature_6: 0.00000000
feature_7: 0.00000000
feature_8: 0.00000000
feature_9: 0.55612171
feature_10: 0.00000000
feature_11: 0.00000000
feature_12: 0.00000000
feature_13: 0.00000000
feature_14: 0.00000000
feature_15: 0.05408262
feature_16: 0.16347109
feature_17: 0.01391682
feature_18: 0.01590657
feature_19: 0.04686788
feature_20: 0.13312067
